13689231
13699556
13946297
14195817
14195831
14195905
14208698
14328250
14419101
14419140
14419157
14432889
14433786
14433939
14433977
14435696
14435747
14435872
14497837
14497842
14497843
14497845
14497847
14498316
14499223
11735023
13552687
13785249
14226136
14226440
14391041
14395766
14433889
14434706
14435094
14435739
14435802
14436172
14436197
14497399
14497460
14497883
14497995
14498333
14498358
14498569
14499504
13529523
13883525
13889691
14138724
14392010
14392253
14434063
14434135
14434160
14434693
14435349
14435772
14435812
14435873
14457217
14497279
14497840
14497841
14497912
14497943
12888695
14331784
14335252
14394976
14433772
14433780
14433905
14434060
14434212
14434281
14434398
14434765
14434800
14434981
14435352
14435443
14436136
14497466
14497494
14497800
14497846
13131883
14433746
14433844
